Deposited: 50.0, 2024-04-04 13:36:33.286783
withdraw: 20.0, 2024-04-04 13:36:41.061355
Deposited: 50.0, 2024-04-04 13:37:21.875219
withdraw: 30.0, 2024-04-04 13:37:24.623336
